1000000000100001001101110110011111000000011000010001000000010110001111
0000100001100010011000111100010011000111000001000111100111010100000010
0000000000110000000001010000101100000000010101000011000000100110000000
0000010100110010000001100001100101000000111010000110000000011100100010
1000110000110101000001110001011000000111000010000100000001101110100110
0101100100111110000001101000000110000010011000001000110001001000001010
1100010000110000000100011111001010000101010100000100010000000001000110
1100110001000000000101010000101011000100000100010010000000010000000100
0100010000110111000010111011111101110100001100011011001001010100101000
1000111000100111100100111110110001100010010111010000100010010110100010
0100100000100010000101101010100001000011110000000110000000111100001000
1100000100010010000001011001000010100100110000010001100000100110100000
0100110000101000000100001000100100100110010010001010100001100110100000
0000000100110000001101001010000101000010000110010011100000000010000011
1000010110000001010101010010010100001000101001010110000000111011000010
0000110101110101101101101000001010000010000101010110100100101110100001
1100110000000100000101110100110100000000010000110001000100011100000000
0100100000110001000110010011111010010000100000010100000000110010100011
0000110101000110000100010000110110000100010001010101001000110000100100
1101110010101110000000000010111000001110001010000010100000110010100010
0100000101110001000100101000010100000000010000011111101101010100000000
1000011001111000000100100000011111000110000101010110000010010100001110
0100100101000101000001110001100000000000010000000000011100100110000110
1001010101111101000001001000110100010010100101010000000000101101100100
0100100101100101001011011000110010000100000101010010010000000110000000
0100000100110100000000101000100000011010010010010010011100111001000010
0110010000010001000001011000000001010100010001010100000010010000110001
0100011100000010011001010010010010000001011001010100100001110110000110
0101110000010000001100011111101110000000011001000001000010110110000100
0001110000010001000011000010100110010000010001010000100000000110000000
